penny@PENG-SONYPRO11:~$ rostopic echo /integrated_to_init 
header: 
  seq: 4440
  stamp: 
    secs: 1511326691
    nsecs: 429169893
  frame_id: /camera_init
child_frame_id: /camera
pose: 
  pose: 
    position: 
      x: 0.869507789612
      y: -4.87959861755
      z: 2.50795221329
    orientation: 
      x: -0.35761677531
      y: -0.05438977172
      z: 0.0471137243449
      w: 0.931091988865
  covariance: [0.0, 0.0, 0.0, 0.0, 0.0, 0.0, 0.0, 0.0, 0.0, 0.0, 0.0, 0.0, 0.0, 0.0, 0.0, 0.0, 0.0, 0.0, 0.0, 0.0, 0.0, 0.0, 0.0, 0.0, 0.0, 0.0, 0.0, 0.0, 0.0, 0.0, 0.0, 0.0, 0.0, 0.0, 0.0, 0.0]
twist: 
  twist: 
    linear: 
      x: 0.0
      y: 0.0
      z: 0.0
    angular: 
      x: 0.0
      y: 0.0
      z: 0.0
  covariance: [0.0, 0.0, 0.0, 0.0, 0.0, 0.0, 0.0, 0.0, 0.0, 0.0, 0.0, 0.0, 0.0, 0.0, 0.0, 0.0, 0.0, 0.0, 0.0, 0.0, 0.0, 0.0, 0.0, 0.0, 0.0, 0.0, 0.0, 0.0, 0.0, 0.0, 0.0, 0.0, 0.0, 0.0, 0.0, 0.0]

